0.675701
0.675756
0.528702
0.675665
0.675684
0.675726
0.675246
0.675791
0.675686
0.675649
0.658343
0.675708
0.675726
0.643526
0.675726
0.675727
0.675786
0.675726
0.675725
0.631158
0.675784
0.675364
0.675114
0.675732
0.675757
0.675728
0.675536
0.675471
0.675785
0.675728
0.6757
0.673899
0.675727
0.675612
0.675495
0.675747
0.675699
0.675593
0.675466
0.67578
0.675729
0.675745
0.675789
0.67571
0.675775
0.675707
0.67573
0.675725
0.675745
0.67579
0.675791
0.675684
0.675687
0.675681
0.675727
0.67575
0.675694
0.67577
0.675576
0.675725
0.674716
0.675729
0.675725
0.675712
0.675752
0.675266
0.675733
0.675692
0.675791
0.675729
0.675729
0.675788
0.675611
0.675691
0.675733
0.675739
0.675724
0.675729
0.675742
0.675784
0.675721
0.675686
0.674712
0.675724
0.675787
0.675784
0.675696
0.675721
0.675728
0.675644
0.674522
0.675726
0.675744
0.675729
0.675785
0.675715
0.675721
0.675727
0.675575
0.675498
0.675798
0.67579
0.675417
0.675729
0.67574
0.675719
0.675727
0.675776
0.675702
0.675728
0.675778
0.675783
0.675789
0.675787
0.675724
0.675725
0.675655
0.674756
0.675724
0.675716
0.675224
0.675727
0.675678
0.675787
0.675709
0.675726
0.675725
0.67579
0.675715
0.675726
0.675776
0.675668
0.675721
0.675644
0.675781
0.675554
0.675727
0.636435
0.675717
0.675787
0.675659
0.675721
0.675705
0.675686
0.675668
0.675716
0.675779
0.675471
0.675724
0.675786
0.675479
0.675716
0.675722
0.675719
0.675722
0.675609
0.675727
0.675707
0.675698
0.675726
0.675727
0.6755
0.675725
0.675727
0.675789
0.675719
0.675727
0.675719
0.675769
0.675711
0.675727
0.675791
0.675673
0.675727
0.675596
0.675789
0.675708
0.675637
0.675728
0.675747
0.675691
0.675678
0.675786
0.675705
0.675721
0.675786
0.675726
0.67571
0.675785
0.675711
0.675789
0.675674
0.675725
0.675788
0.675636
0.675727
0.675788
0.67543
0.675753
0.675693
0.675727
0.675786
0.675704
0.675726
0.675774
0.675719
0.675727
0.675767
0.675672
0.675704
0.675715
0.675769
0.675753
0.675713
0.675726
0.675654
0.675605
0.675724
0.675791
0.6757
0.675728
0.675789
0.675747
0.675784
0.675565
0.675689
0.675728
0.675783
0.675723
0.675728
0.675792
0.675693
0.675726
0.675728
0.675781
0.675302
0.675727
0.675728
0.675789
0.675712
0.675727
0.675781
0.675708
0.675724
0.675468
0.67578
0.674995
0.67573
0.675292
0.675644
0.67572
0.675729
0.675678
0.675727
0.675722
0.675787
0.675785
0.675682
0.675729
0.675789
0.675785
0.673023
0.675671
0.67573
0.675781
0.675676
0.675494
0.675728
0.675738
0.675708
0.675728
0.675778
0.675629
0.675789
0.675719
0.675765
0.675731
0.675773
0.675724
0.675757
0.675511
0.675734
0.675781
0.675702
0.675724
0.675713
0.675753
0.675425
0.67573
0.675728
0.675673
0.675675
0.675723
0.675788
0.675574
0.675718
0.675786
0.675723
0.675691
0.675768
0.675726
0.675788
0.675695
0.675725
0.67579
0.675605
0.675727
0.675789
0.675683
0.675729
0.675726
0.675725
0.675779
0.6756
0.675722
0.675784
0.675658
0.675729
0.675789
0.675729
0.675789
0.67553
0.675727
0.675683
0.675725
0.675753
0.67571
0.675724
0.675786
0.67566
0.675729
0.67577
0.675697
0.675788
0.675714
0.675706
0.675727
0.675785
0.675669
0.675724
0.6757
0.675728
0.675722
0.675785
0.675642
0.675707
0.675726
0.67572
0.675789
0.675709
0.675729
0.675656
0.675693
0.675724
0.675788
0.675277
0.675649
0.675725
0.675762
0.6757
0.675052
0.675722
0.675788
0.675642
0.675728
0.675792
0.675725
0.675729
0.675723
0.675785
0.675698
0.675762
0.675721
0.675723
0.673862
0.675726
0.675637
0.675722
0.675706
0.675722
0.675737
0.673896
0.675726
0.672611
0.675721
0.675776
0.675398
0.675725
0.674888
0.675773
0.675726
0.67566
0.675788
0.674446
0.675724
0.675785
0.675723
0.675699
0.675728
0.675727
0.00207629
0.00219681
0.00208135
0.00207099
0.00226096
0.00208304
0.00208365
0.00218012
0.0021361
0.00209005
0.00215514
0.00277905
0.00215346
0.00218005
0.00216859
0.002137
0.00233604
0.00251514
0.00209175
0.00213845
0.00222985
0.00219801
0.00213218
0.00224382
0.00325082
0.00242883
0.00209553
0.00239248
0.00234116
0.00214655
0.00215734
0.00211917
0.00202763
0.00213031
0.00204356
0.00205753
0.00206666
0.00216306
0.00226335
0.00245434
0.00203984
0.00277998
0.00210408
0.00249102
0.00206755
0.00211796
0.00203589
0.00212092
0.0020552
0.00213592
0.00217479
0.00211788
0.00219973
0.00301266
0.00229279
0.00210548
0.00204003
0.00267208
0.00241038
0.00222793
0.00232405
0.0021991
0.00207555
0.00237484
0.00212036
0.00204071
0.0021145
0.00255894
0.00206537
0.00204379
0.00202827
0.00206395
0.00248297
0.00202953
0.00204742
0.00211752
0.00218804
0.00212363
0.00217251
0.00212636
0.00280982
0.00216599
0.00230857
0.00211942
0.00207003
0.00364413
0.00210108
0.0022937
0.00234246
0.00207091
0.00204019
0.00245368
0.00221269
0.00224013
0.00215412
0.0783556
0.0283206
0.00208033
0.00210141
0.00211505
0.00206626
0.00315918
0.00214525
0.00225135
0.002133
0.00219585
0.002213
0.00237059
0.00232273
0.00220893
0.00215106
0.00266799
0.00226751
0.00277014
0.0020833
0.00211356
0.00227506
0.00381584
0.00256922
0.0031255
0.00221549
0.00220453
0.00221743
0.00314022
0.00220037
0.00222164
0.00222763
0.00224496
0.00273903
0.00208209
0.00202306
0.00239068
0.00204681
0.00241731
0.00247179
0.00217408
0.0024327
0.0021491
0.00269194
0.00206617
0.00225752
0.00222336
0.00214989
0.00223018
0.00211486
0.00222593
0.00203547
0.00218817
0.00218978
0.00219173
0.00207446
0.00214312
0.00283777
0.00202439
0.00207442
0.00204559
0.00203586
0.00260354
0.00236409
0.00266585
0.00204379
0.00204412
0.00204463
0.00213095
0.00306945
0.00210564
0.00260761
0.0020396
0.00237129
0.00230067
0.00213079
0.00204771
0.00213731
0.00214331
0.00233839
0.00220043
0.00217642
0.00216631
0.00219882
0.002243
0.00210319
0.00218469
0.00223624
0.00205996
0.00207648
0.00242758
0.00228787
0.00216786
0.00211758
0.00205928
0.0041469
0.00225995
0.00215691
0.00204038
0.00213243
0.00231437
0.00290115
0.00214482
0.00209956
0.00246733
0.00207285
0.00214786
0.00206983
0.00213189
0.00208705
0.00228765
0.00237257
0.00209258
0.002436
0.00221444
0.00212389
0.00211429
0.00215274
0.00252683
0.00230928
0.00214315
0.00325096
0.00207977
0.00226155
0.00222342
0.00216897
0.00208594
0.00331382
0.00218266
0.00216916
0.00302477
0.00249472
0.00212243
0.00208252
0.00250315
0.00206566
0.00218445
0.00224214
0.0021149
0.0022202
0.00210582
0.00240185
0.00203393
0.00233546
0.00209475
0.00223956
0.00220698
0.00208105
0.00206052
0.0180989
0.00220668
0.00351212
0.00226617
0.00209107
0.00262514
0.00275873
0.00207741
0.00250466
0.00215559
0.00575248
0.00211659
0.00267045
0.0021248
0.00318148
0.0022429
0.00205139
0.00257753
0.0021292
0.00204725
0.00209272
0.00204481
0.00213872
0.0024008
0.00220826
0.00213247
0.00251166
0.00220825
0.00204549
0.0020966
0.00217754
0.00206097
0.002046
0.00212954
0.00216668
0.00213327
0.00214439
0.00246255
0.00208327
0.00220488
0.00208147
0.0021115
0.00909547
0.00232298
0.00243356
0.00207515
0.00235224
0.00233455
0.00211706
0.00238315
0.00207237
0.00216207
0.0021422
0.00207969
0.00242403
0.00210038
0.0023905
0.00209447
0.00251303
0.00309667
0.00218003
0.00291653
0.0034075
0.00219348
0.00215603
0.00206121
0.00226604
0.00310248
0.00214387
0.00211865
0.00442119
0.00214141
0.00357372
0.00203957
0.00215543
0.00219999
0.00216071
0.00211932
0.00207884
0.00211209
0.0020546
0.00203744
0.00204331
0.00208833
0.00314203
0.00213104
0.00242539
0.0021558
0.00214032
0.00231772
0.00210031
0.00215787
0.00203436
0.00211043
0.00206133
0.00217747
0.00202613
0.00205194
0.00205
0.00213282
0.00217804
0.00200198
0.00205912
0.0464767
0.0021073
0.00225182
0.0021418
0.00201005
0.00213463
0.00209315
0.00213416
0.0022305
0.00227439
0.00201751
0.00218656
0.0022061
0.00215499
0.00205629
0.00223855
0.00211758
0.00233604
0.0022414
0.00200517
0.00211872
0.00220258
0.00295454
0.00216997
0.00214809
0.00207171
0.0021139
0.00215396
0.0022111
0.00203911
0.00203925
0.00207805
0.00209116
0.00212425
0.002159
0.00204401
0.00221076
0.0022691
0.00270188
0.00375065
0.00205898
0.00204239
0.00234801
0.0020385
0.00211194
0.00205475
0.00227167
0.00199978
0.00215392
0.00221184
0.0021271
0.002307
0.00208611
0.675701
0.675756
0.528702
0.675665
0.675684
0.675726
0.675246
0.675791
0.675686
0.675649
0.658343
0.675708
0.675726
0.643526
0.675726
0.675727
0.675786
0.675726
0.675725
0.631158
0.675784
0.675364
0.675114
0.675732
0.675757
0.675728
0.675536
0.675471
0.675785
0.675728
0.6757
0.673899
0.675727
0.675612
0.675495
0.675747
0.675699
0.675593
0.675466
0.67578
0.675729
0.675745
0.675789
0.67571
0.675775
0.675707
0.67573
0.675725
0.675745
0.67579
0.675791
0.675684
0.675687
0.675681
0.675727
0.67575
0.675694
0.67577
0.675576
0.675725
0.674716
0.675729
0.675725
0.675712
0.675752
0.675266
0.675733
0.675692
0.675791
0.675729
0.675729
0.675788
0.675611
0.675691
0.675733
0.675739
0.675724
0.675729
0.675742
0.675784
0.675721
0.675686
0.674712
0.675724
0.675787
0.675784
0.675696
0.675721
0.675728
0.675644
0.674522
0.675726
0.675744
0.675729
0.675785
0.675715
0.675721
0.675727
0.675575
0.675498
0.675798
0.67579
0.675417
0.675729
0.67574
0.675719
0.675727
0.675776
0.675702
0.675728
0.675778
0.675783
0.675789
0.675787
0.675724
0.675725
0.675655
0.674756
0.675724
0.675716
0.675224
0.675727
0.675678
0.675787
0.675709
0.675726
0.675725
0.67579
0.675715
0.675726
0.675776
0.675668
0.675721
0.675644
0.675781
0.675554
0.675727
0.636435
0.675717
0.675787
0.675659
0.675721
0.675705
0.675686
0.675668
0.675716
0.675779
0.675471
0.675724
0.675786
0.675479
0.675716
0.675722
0.675719
0.675722
0.675609
0.675727
0.675707
0.675698
0.675726
0.675727
0.6755
0.675725
0.675727
0.675789
0.675719
0.675727
0.675719
0.675769
0.675711
0.675727
0.675791
0.675673
0.675727
0.675596
0.675789
0.675708
0.675637
0.675728
0.675747
0.675691
0.675678
0.675786
0.675705
0.675721
0.675786
0.675726
0.67571
0.675785
0.675711
0.675789
0.675674
0.675725
0.675788
0.675636
0.675727
0.675788
0.67543
0.675753
0.675693
0.675727
0.675786
0.675704
0.675726
0.675774
0.675719
0.675727
0.675767
0.675672
0.675704
0.675715
0.675769
0.675753
0.675713
0.675726
0.675654
0.675605
0.675724
0.675791
0.6757
0.675728
0.675789
0.675747
0.675784
0.675565
0.675689
0.675728
0.675783
0.675723
0.675728
0.675792
0.675693
0.675726
0.675728
0.675781
0.675302
0.675727
0.675728
0.675789
0.675712
0.675727
0.675781
0.675708
0.675724
0.675468
0.67578
0.674995
0.67573
0.675292
0.675644
0.67572
0.675729
0.675678
0.675727
0.675722
0.675787
0.675785
0.675682
0.675729
0.675789
0.675785
0.673023
0.675671
0.67573
0.675781
0.675676
0.675494
0.675728
0.675738
0.675708
0.675728
0.675778
0.675629
0.675789
0.675719
0.675765
0.675731
0.675773
0.675724
0.675757
0.675511
0.675734
0.675781
0.675702
0.675724
0.675713
0.675753
0.675425
0.67573
0.675728
0.675673
0.675675
0.675723
0.675788
0.675574
0.675718
0.675786
0.675723
0.675691
0.675768
0.675726
0.675788
0.675695
0.675725
0.67579
0.675605
0.675727
0.675789
0.675683
0.675729
0.675726
0.675725
0.675779
0.6756
0.675722
0.675784
0.675658
0.675729
0.675789
0.675729
0.675789
0.67553
0.675727
0.675683
0.675725
0.675753
0.67571
0.675724
0.675786
0.67566
0.675729
0.67577
0.675697
0.675788
0.675714
0.675706
0.675727
0.675785
0.675669
0.675724
0.6757
0.675728
0.675722
0.675785
0.675642
0.675707
0.675726
0.67572
0.675789
0.675709
0.675729
0.675656
0.675693
0.675724
0.675788
0.675277
0.675649
0.675725
0.675762
0.6757
0.675052
0.675722
0.675788
0.675642
0.675728
0.675792
0.675725
0.675729
0.675723
0.675785
0.675698
0.675762
0.675721
0.675723
0.673862
0.675726
0.675637
0.675722
0.675706
0.675722
0.675737
0.673896
0.675726
0.672611
0.675721
0.675776
0.675398
0.675725
0.674888
0.675773
0.675726
0.67566
0.675788
0.674446
0.675724
0.675785
0.675723
0.675699
0.675728
0.675727
0.675701
0.675756
0.528766
0.675665
0.675684
0.675726
0.675246
0.675791
0.675686
0.675649
0.658347
0.675708
0.675726
0.643533
0.675726
0.675727
0.675786
0.675726
0.675725
0.631163
0.675784
0.675364
0.675114
0.675732
0.675757
0.675728
0.675536
0.675471
0.675785
0.675728
0.6757
0.673899
0.675727
0.675612
0.675495
0.675747
0.675699
0.675593
0.675466
0.67578
0.675729
0.675745
0.675789
0.67571
0.675775
0.675707
0.67573
0.675725
0.675745
0.67579
0.675791
0.675684
0.675687
0.675681
0.675727
0.67575
0.675694
0.67577
0.675576
0.675725
0.674716
0.675729
0.675725
0.675712
0.675752
0.675266
0.675733
0.675692
0.675791
0.675729
0.675729
0.675788
0.675611
0.675691
0.675733
0.675739
0.675724
0.675729
0.675742
0.675784
0.675721
0.675686
0.674712
0.675724
0.675787
0.675784
0.675696
0.675721
0.675728
0.675644
0.674522
0.675726
0.675744
0.675729
0.675785
0.675715
0.675721
0.675727
0.675575
0.675498
0.675798
0.67579
0.675417
0.675729
0.675741
0.675719
0.675727
0.675776
0.675702
0.675728
0.675778
0.675783
0.675789
0.675787
0.675724
0.675725
0.675655
0.674756
0.675724
0.675716
0.675223
0.675727
0.675678
0.675787
0.675709
0.675726
0.675725
0.67579
0.675715
0.675726
0.675776
0.675668
0.675721
0.675644
0.675781
0.675554
0.675727
0.636442
0.675717
0.675787
0.675659
0.675721
0.675705
0.675686
0.675668
0.675716
0.675779
0.675471
0.675724
0.675786
0.675479
0.675716
0.675722
0.675719
0.675722
0.675609
0.675727
0.675707
0.675698
0.675726
0.675727
0.6755
0.675724
0.675727
0.675789
0.675719
0.675727
0.675719
0.675769
0.675711
0.675727
0.675791
0.675673
0.675727
0.675596
0.675789
0.675708
0.675637
0.675728
0.675747
0.675691
0.675678
0.675786
0.675705
0.675721
0.675786
0.675726
0.67571
0.675785
0.675711
0.675789
0.675674
0.675725
0.675788
0.675636
0.675727
0.675788
0.67543
0.675753
0.675693
0.675727
0.675786
0.675704
0.675726
0.675774
0.675719
0.675727
0.675767
0.675672
0.675704
0.675715
0.675769
0.675753
0.675713
0.675726
0.675654
0.675605
0.675724
0.675791
0.6757
0.675728
0.675789
0.675747
0.675784
0.675565
0.675689
0.675728
0.675783
0.675723
0.675728
0.675792
0.675693
0.675726
0.675728
0.675781
0.675302
0.675727
0.675728
0.675789
0.675712
0.675727
0.675781
0.675708
0.675724
0.675468
0.67578
0.674995
0.67573
0.675292
0.675644
0.67572
0.675729
0.675678
0.675727
0.675722
0.675787
0.675785
0.675682
0.675729
0.675789
0.675785
0.673023
0.675671
0.67573
0.675781
0.675676
0.675495
0.675728
0.675738
0.675708
0.675728
0.675778
0.675629
0.675789
0.675719
0.675765
0.675731
0.675773
0.675724
0.675757
0.675511
0.675734
0.675781
0.675702
0.675724
0.675713
0.675753
0.675425
0.67573
0.675728
0.675673
0.675675
0.675723
0.675788
0.675574
0.675718
0.675786
0.675723
0.675691
0.675768
0.675726
0.675788
0.675695
0.675725
0.67579
0.675605
0.675727
0.675789
0.675683
0.675729
0.675726
0.675725
0.675779
0.6756
0.675722
0.675784
0.675658
0.675729
0.675789
0.675729
0.675789
0.67553
0.675727
0.675683
0.675725
0.675753
0.67571
0.675724
0.675786
0.67566
0.675729
0.67577
0.675697
0.675788
0.675714
0.675706
0.675727
0.675785
0.675669
0.675724
0.6757
0.675728
0.675722
0.675785
0.675642
0.675707
0.675726
0.67572
0.675789
0.675709
0.675729
0.675656
0.675693
0.675724
0.675788
0.675277
0.675649
0.675725
0.675762
0.6757
0.675052
0.675722
0.675788
0.675642
0.675728
0.675792
0.675725
0.675729
0.675723
0.675784
0.675698
0.675762
0.675721
0.675723
0.673862
0.675726
0.675637
0.675722
0.675706
0.675722
0.675737
0.673896
0.675726
0.672611
0.675721
0.675776
0.675398
0.675725
0.674888
0.675773
0.675726
0.67566
0.675788
0.674446
0.675724
0.675785
0.675723
0.675699
0.675728
0.675727
